1994-12-10 16:17:39   109.54   28.77   11.75     44.00     76.25    -1.05    1.90    4.85      0.172     0.061
 1994-12-27 17:32:51   102.79  123.71  -79.25    -34.00     11.25    -1.80    1.20    4.20      0.238     0.095
 1995-02-05 22:51:05   106.45  128.16   55.75     62.00     68.25     0.85    1.10    1.35      0.025     0.001
 1995-02-10 01:45:01   106.67  128.60    5.75     51.00     96.25    -1.40    1.60    4.60      0.020     0.009
 1995-04-17 07:14:35    93.10  331.90   51.00     74.00     97.00     9.05   12.00   14.95      0.158     0.080
 1995-05-16 20:12:45    90.21  124.92   50.50     70.00     89.50     0.20    0.60    1.00      0.041     0.014
 1995-05-31 16:08:40   106.62   33.97  -98.00    -87.00    -76.00     0.83    1.00    1.18      0.086     0.008
 1995-06-14 11:11:49   118.69   17.23  -128.25    -83.00    -37.75    -2.30    0.70    3.70      0.037     0.022
 1995-07-03 19:50:50   102.25  120.17   23.25     47.00     70.75    -1.95    1.00    3.95      0.022     0.005
 1995-08-29 07:25:48    95.72  185.10  -124.25    -79.00    -33.75     2.00    5.00    8.00      0.028     0.020
 1995-08-29 08:51:30    98.17  112.43  -103.50    -72.00    -40.50     0.63    3.20    5.78      0.210     0.067
 1995-09-14 12:24:32    92.68  113.45   37.00     63.00     89.00    -2.58    0.40    3.38      0.045     0.018
 1995-10-14 08:00:53    99.57  117.75   61.00     74.00     87.00     0.30    0.40    0.50      0.045     0.009
 1995-11-13 07:38:46    94.17  107.79  -105.50    -84.00    -62.50     0.13    0.50    0.88      0.031     0.013
 1996-02-25 03:08:13   112.60   26.28  -20.25     25.00     70.25     4.80    7.80   10.80      0.178     0.092
 1996-03-24 22:19:03   107.92  157.80  -63.50    -34.00     -4.50    -0.28    1.60    3.48      0.228     0.085
 1996-05-26 01:43:45    90.59  123.35   37.25     51.00     64.75     0.53    0.90    1.28      0.061     0.027
 1996-07-15 21:23:37   110.17   28.60   60.50     78.00     95.50     0.85    1.30    1.75      0.078     0.024
 1996-07-20 07:41:14    95.20  113.90   37.00     53.00     69.00     0.35    0.60    0.85      0.047     0.013
 1996-07-23 03:32:13   100.66  118.27   43.50     58.00     72.50     0.40    0.60    0.80      0.045     0.009
 1996-07-23 05:20:04   100.71  118.28  -106.00    -77.00    -48.00    -2.58    0.40    3.38      0.061     0.028
 1996-08-05 02:08:57    94.61  107.68  -15.25     30.00     75.25    -1.90    1.10    4.10      0.023     0.017
 1996-08-05 22:38:20    95.35  114.95   61.50     73.00     84.50     0.33    0.40    0.48      0.013     0.004
 1996-08-19 06:24:12    91.94  199.72   46.75     60.00     73.25     0.75    1.00    1.25      0.119     0.020
 1996-08-27 06:24:06    95.83  117.16   69.50     80.00     90.50     0.45    0.50    0.55      0.083     0.007
 1996-11-05 09:41:31   102.28  123.03   57.25     66.00     74.75     0.50    0.60    0.70      0.060     0.006
 1996-11-14 13:47:38    96.94  114.13  -47.00    -39.00    -31.00    10.35   12.00   13.65      0.189     0.100
 1996-11-17 21:11:18    95.75  116.91   34.75     44.00     53.25     0.83    1.10    1.38      0.114     0.035
 1996-12-01 23:09:38   101.91  122.36  -76.75    -63.00    -49.25     0.48    0.70    0.93      0.051     0.012
 1996-12-03 12:56:56    97.42  109.11  -101.00    -87.00    -73.00     0.43    0.50    0.58      0.043     0.010
 1996-12-31 12:41:40   114.15   21.25   55.00     82.00    109.00    -1.60    1.20    4.00      0.257     0.076
 1997-01-11 20:28:28   109.02   30.07   76.75     86.00     95.25     0.85    1.00    1.15      0.029     0.004
 1997-02-07 08:41:15    97.86  110.80  -14.25     31.00     76.25     1.40    4.40    7.40      0.014     0.006
 1997-02-26 18:27:10    95.15  184.72   -1.25      6.00     13.25     4.38    7.00    9.63      0.092     0.038
 1997-03-11 05:25:58   103.45  121.48  -97.00    -78.00    -59.00     0.20    0.40    0.60      0.017     0.005
 1997-03-21 12:07:16   102.09  123.31   53.75     76.00     98.25    -2.53    0.40    3.33      0.041     0.004
 1997-04-12 09:21:47   100.88  119.83   19.50     40.00     60.50    -1.43    1.40    4.23      0.138     0.050
 1997-04-28 12:07:38   106.33  224.09   68.50     73.00     77.50     2.75    3.20    3.65      0.138     0.049
 1997-05-03 16:45:55   102.94  122.90   45.00     63.00     81.00     0.20    0.40    0.60      0.011     0.003
 1997-05-22 07:50:55   108.94   28.78  -101.25    -87.00    -72.75     0.65    0.90    1.15      0.096     0.007
 1997-05-25 23:22:32   102.82  123.78   71.75     90.00    108.25     0.25    0.40    0.55      0.060     0.014
 1997-05-27 08:00:31    94.52  107.77  -104.00    -82.00    -60.00     0.00    0.60    1.20      0.017     0.006
 1997-08-20 13:51:16    92.39  199.77  -97.25    -74.00    -50.75    -1.78    0.80    3.38      0.021     0.011
 1997-09-02 12:13:23   128.42    3.50  -119.25    -74.00    -28.75     4.90    7.90   10.90      0.157     0.122
 1997-09-04 04:23:35    97.72  121.08   51.75     72.00     92.25     0.10    0.30    0.50      0.010     0.004
 1997-09-10 12:57:06    98.30  112.61   26.50     51.00     75.50    -2.28    0.70    3.68      0.020     0.010
 1997-09-20 16:11:29   101.79  119.77   29.25     51.00     72.75     0.43    1.00    1.58      0.021     0.003
 1997-10-14 09:53:11    97.38  114.77   40.50     56.00     71.50     0.45    0.70    0.95      0.039     0.012
 1997-10-17 15:02:00    95.28  115.50   65.50     80.00     94.50     0.30    0.40    0.50      0.051     0.007
 1997-11-03 21:37:15    96.61  112.36  -68.25    -44.00    -19.75     9.28   12.00   14.73      0.042     0.016
 1998-03-29 19:48:12    92.61  113.47   39.75     55.00     70.25     0.38    0.60    0.83      0.020     0.004
 1998-04-10 16:43:40   104.23  124.34  -79.75    -54.00    -28.25    -1.95    1.00    3.95      0.052     0.030
 1998-04-11 00:44:36    98.96  115.35   46.00     57.00     68.00     0.43    0.60    0.78      0.031     0.008
 1998-04-14 03:41:19    96.73  118.03    3.75     49.00     94.25     2.30    5.30    8.30      0.079     0.057
 1998-04-20 22:59:16   109.20   28.37  -99.25    -83.00    -66.75     0.70    1.00    1.30      0.087     0.019
 1998-05-16 02:22:02    95.74  116.78   53.00     65.00     77.00     0.40    0.50    0.60      0.040     0.003
 1998-07-09 14:45:34   102.28  121.88   53.00     65.00     77.00     0.43    0.60    0.78      0.025     0.002
 1998-07-19 15:58:38    97.92  113.97   67.25     79.00     90.75     0.43    0.50    0.58      0.090     0.007
 1998-10-11 12:04:52    95.12  115.69   29.50     57.00     84.50    -1.88    1.00    3.88      0.139     0.030
 1998-11-15 02:44:08    97.11  114.20   28.00     53.00     78.00    -1.58    0.80    3.18      0.122     0.056
 1998-12-27 00:38:26    97.36  114.28   44.25     58.00     71.75     0.45    0.60    0.75      0.034     0.005
 1999-01-29 01:09:16    91.05  112.89   -5.25     40.00     85.25     8.40   11.40   14.40      0.066     0.039
 1999-02-03 01:13:59    97.68  111.85   31.75     50.00     68.25     0.35    0.70    1.05      0.014     0.004
